53
54
55
75
80
86
87
88
91
94
95
96
97
100
101
107
108
109
110
112
113
114
115
116
119
120
121
122
123
124
125
126
127
128
129
130
131
132
133
134
137
141
144
145
146
147
148
152
153
155
159
160
161
162
164
165
166
167
170
171
172
174
175
177
178
180
181
182
183
184
186
187
188
189
193
194
195
196
198
200
203
204
207
208
209
210
212
213
214
215
216
218
220
221
223
226
227
228
232
233
234
235
237
238
239
242
249
250
254
255
256
257
258
259
260
261
262
269
270
271
272
275
277
278
279
280
283
284
285
286
287
288
289
290
291
292
293
294
295
296
297
298
299
300
304
305
306
307
308
309
310
312
313
314
315
316
318
319
321
322
323
324
328
329
330
331
332
333
334
335
336
337
338
339
340
341
342
343
344
345
346
347
348
349
350
351
352
353
354
355
356
357
365
367
368
369
370
398
417
418
419
420
421
422
423
424
425
426
427
428
455
456
612
614
615
616
625
626
627
657
658
659
667
668
669
697
698
699
706
712
713
723
724
725
733
734
913
914
915
918
919
925
939
940
954
955
957
959
960
980
981
988
989
994
995
1016
1017
1020
1044
1045
1087
1088
1089
1115
1116
1117
1129
1130
1131
1145
1146
1147
1253
1254
1255
1258
1360
1361
1362
1376
1377
1393
1394
1401
1409
1410
1420
1427
1433
1483
1487
1488
1530
1531
1532
1533
1534
1559
1560
1561
1562
1566
1567
1570
1571
1572
1601
1628
1629
1634
1671
1672
1692
1744
1781
1782
1783
1784
1851
1852
1854
1855
1890
1891
1903
1904
1947
1967
1968
2002
2029
2030
2037
2038
2041
2042
2043
2199
2200
2409
2451
2452
2471
2472
2481
2482
2602
2603
2650
2664
2665
2666
2667
2743
2744
2745
2832
2834
2903
2904
2905
2910
2911
3137
3152
3189
3190
3204
3205
3206
3207
3287
3288
3289
3290
3297
3315
3316
3350
3399
3400
3485
3488
3499
3500
3501
3516
3517
3518
3519
3520
3521
3522
3523
3536
3537
3542
3554
3555
3556
3572
3573
3585
3586
3624
3625
3628
3629
3670
3671
3676
3677
3699
3752
3762
3764
3765
3766
3781
3782
3784
3789
3790
3831
3839
3841
3842
3849
3850
3851
3852
3883
3884
3889
3933
3934
3987
3988
3989
3990
4008
4009
4010
4056
4057
4074
4075
4178
4204
4205
4240
4241
4242
4243
4244
4258
4259
4268
4269
4270
4395
4396
4416
4499
4500
4501
4502
4503
4504
4517
4518
4519
4520
4563
4564
4565
4566
4630
4634
4635
4672
4690
4691
4702
4703
4704
4725
4726
4740
4741
4742
4745
4746
4747
4788
4944
4946
5034
5058
5059
5060
5061
5087
5088
5089
5098
5099
5100
5161
5162
5168
5169
5174
5175
5186
5206
5207
5230
5248
5249
5250
5251
5259
5331
5332
5333
5376
5377
5411
5412
5413
5434
5480
5481
5482
5528
5529
5530
5566
5567
5592
5593
5612
5613
5614
5615
5634
5635
5637
5638
5639
5678
5679
5680
5889
5890
5899
5900
5901
5907
5908
5909
5957
6011
6012
6013
6019
6020
6096
6097
6098
6199
6200
6201
6244
6433
6435
6470
6471
6537
6538
6587
6588
6589
6590
6689
6690
6694
6695
6703
6704
6723
6770
6771
6783
6859
6860
6861
6862
6875
6902
6903
6928
6929
6930
6965
6966
6967
6968
6969
7036
7037
7038
7158
7159
7160
7161
7271
7272
7273
7475
7572
7573
7574
7575
7582
7583
7603
7604
7608
7609
7621
7622
7623
7624
7656
7657
7714
7715
7716
7717
7878
7879
7900
7901
7952
7957
7958
7959
7960
7961
8080
8169
8170
8171
8240
8241
8242
8243
8249
8250
8269
8270
8281
8282
8293
8294
8295
8497
8498
8539
8540
8541
8571
8572
8672
8673
8674
8675
8707
8708
8730
8731
8732
8733
8734
9007
9330
9331
9627
9628
9629
9630
9631
9632
9633
9634
9803
9804
9805
9806
9819
9820
9821
9822
9823
9824
9825
9826
9827
9889
9890
9891
9892
9901
9902
9903
9904
9908
9909
9910
9911
10175
10176
10177
10186
10187
10188
10189
10382
10383
10384
10385
10386
10460
10461
10462
10463
10484
10485
10486
10487
10542
10543
10544
10648
10677
10678
10679
10721
10722
10723
10724
10744
10745
10746
10757
10758
10759
10760
10761
10798
10799
10800
10801
10813
10814
10815
10816
10817
10818
10819
10820
10844
10845
10846
10847
10848
10867
10868
10877
10878
10879
10880
10908
10909
10910
10979
10980
11029
11030
11050
11051
11052
11080
11081
11082
11089
11090
11091
11093
11094
11095
11101
11102
11103
11149
11150
11151
11238
11239
11240
11291
11292
11293
11432
11515
11516
11517
11525
11526
11527
11637
11638
11639
11704
11705
11706
11826
11827
11954
12061
12062
12063
12064
12206
12207
12248
12249
12250
12251
12319
12437
12438
12439
12440
12447
12448
12449
12450
12463
12464
12504
12505
12506
12787
12788
12789
12869
12870
12895
12896
12897
12943
12944
12945
12956
13016
13017
13018
13019
13113
13114
13212
13213
13235
13236
13245
13246
13249
13250
13263
13264
13333
13334
13348
13349
13350
13423
13424
13425
13426
13608
13609
13618
13619
13628
13629
13630
13668
13669
13759
13760
13761
13762
13935
13936
13985
13986
14092
14093
14218
14219
14329
14330
14387
14388
14412
14413
14414
14465
14466
14467
14468
14516
14584
14585
14586
14648
14649
14650
14651
14678
14679
14680
14681
14746
14747
14818
14978
14979
15141
15142
15197
15225
15226
15227
15228
15350
15351
15356
15357
15358
15369
15370
15371
15372
15462
15463
15512
15513
15514
15533
15534
15535
15536
15608
15609
15610
15611
15624
15625
15629
15630
15631
15793
15794
15795
15796
15800
15818
15819
15820
15821
15822
15923
15924
16102
16103
16104
16185
16186
16197
16198
16264
16265
16266
16280
16281
16295
16296
16297
16313
16314
16315
16316
16330
16331
16332
16363
16364
16469
16470
16471
16565
16593
16594
16610
16611
16612
16621
16622
16623
16624
16701
16717
16720
16721
16722
16726
16727
16728
16740
16741
16786
16867
16900
16901
17022
17031
17040
17041
17042
17043
17049
17050
17051
17073
17074
17075
17076
17077
17135
17136
17137
17138
17139
17140
17141
17228
17229
17230
17231
17232
17233
17234
17235
17236
17249
17250
17251
17265
17266
17267
17268
17292
17293
17294
17295
17336
17390
17416
17417
17418
17419
17432
17433
17434
17435
17450
17452
17459
17499
17500
17501
17502
17503
17541
17542
17543
17544
17545
17548
17558
17637
17638
17639
17669
17670
17671
17672
17713
17714
17726
17727
17728
17779
17780
17784
17785
17786
17858
17859
17906
17907
17908
17909
17915
17916
17917
17924
17925
17963
17985
17986
17987
18042
18043
18044
18048
18065
18066
18098
18099
18100
18121
18122
18123
18149
18150
18151
18152
18160
18161
18162
18170
18176
18180
18181
18224
18225
18226
18227
18235
18236
18251
18252
18272
18273
18274
18275
18285
18286
18300
18309
18310
18311
18312
18329
18343
18344
18345
18346
18353
18378
18379
18380
18405
18406
18407
18418
18419
18420
18436
18437
18443
18446
18447
18449
18450
18451
18510
18511
18512
18513
18559
18560
18561
18565
18566
18567
18568
18574
18575
18576
18577
18578
18579
18580
18584
18604
18605
18606
18607
18610
18611
18612
18614
18615
18650
18665
18666
18667
18682
18683
18701
18717
18718
18719
18720
18721
18722
18723
18731
18733
18734
18753
18754
18764
18765
18766
18767
18768
18773
18774
18775
18776
18777
18778
18779
18780
18781
18790
18801
18811
18813
18818
18821
18826
18830
18831
18832
18833
18834
18835
18838
18854
18856
18863
18864
18865
18866
18874
18875
18885
18894
18896
18899
18902
18903
18907
18909
18913
18917
18919
18922
18923
18924
18925
18928
18929
18930
18935
18944
18951
18952
18953
18954
18955
18967
18970
18971
18984
18991
18992
19002
19003
19008
19012
19013
19014
19015
19016
19017
19021
19022
19023
19028
19029
19042
19043
19046
19048
19052
19053
19054
19055
19071
19080
19107
19108
19109
19117
19118
19138
19154
19164
19165
19171
19172
19173
19187
19188
19200
19206
19212
19213
19214
19226
19227
19229
19230
19231
19232
19263
19272
19275
19276
19297
19302
19307
19309
19316
19325
19326
19327
19328
19336
19338
19339
19354
19355
19356
19358
19360
19363
19369
19370
19371
19380
19381
19402
19449
19452
19457
19461
19465
19466
19467
19470
19479
19480
19481
19482
19483
19491
19492
19493
19496
19497
19498
19512
19513
19518
19519
19520
19521
19522
19525
19526
19527
19530
19531
19532
19533
19537
19538
19539
19542
19543
19544
19547
19550
19554
19555
19556
19557
19558
19559
19565
19567
19568
19569
19580
19581
19591
19592
19593
19594
19601
19605
19606
19608
19613
19625
19626
19634
19635
19636
19639
19640
19641
19646
19647
19656
19662
19674
19675
19691
19696
19709
19710
19719
19722
19723
19731
19736
19742
19749
19753
19756
19757
19765
19771
19773
19776
19779
19780
19786
19787
19797
19798
19799
19801
19802
19803
19826
19828
19829
19836
19838
19842
19843
19850
19851
19852
19853
19854
19864
19876
19879
19880
19881
19882
19890
19891
19894
19898
19909
19910
19916
19917
19918
19924
19925
19926
19927
19929
19931
19938
19939
19949
19950
19958
19959
19960
19963
19964
19966
19967
19969
19970
19976
19977
19978
19979
19984
19985
19986
19987
19990
19996
20002
20003
20004
20008
20012
20018
20019
20041
20042
20049
20050
20051
20054
20062
20069
20070
20071
20074
20091
20092
20093
20094
20095
20099
20100
20102
20103
20110
20112
20113
20114
20115
20118
20120
20132
20136
20147
20154
20155
20177
20205
20212
20228
20233
20249
20250
20269
20302
20303
20304
20305
20306
20307
20308
20323
20324
20325
20347
20348
20349
20350
20351
20369
20378
20380
20381
20382
20388
20395
20396
20409
20418
20420
20422
20428
20429
20430
20432
20441
20442
20443
20445
20446
20447
20449
20450
20454
20470
20476
20477
20483
20485
20486
20487
20488
20496
20504
20509
20519
20528
20529
20530
20531
20533
20534
20535
20536
20537
20538
20539
20540
20541
20542
20543
20544
20545
20556
20564
20565
20566
20567
20576
20584
20587
20588
20591
20596
20598
20599
20600
20604
20605
20612
20613
20614
20622
20623
20627
20643
20646
20652
20653
20658
20673
20674
20680
20708
20709
20710
20713
20715
20716
20717
20721
20722
20723
20730
20734
20735
20736
20737
20742
20745
20751
20757
20764
20768
20769
20771
20772
20787
20788
20789
20792
20802
20805
20812
20813
20814
20815
20821
20838
20839
20840
20841
20842
20843
20845
20850
20870
20890
20900
20901
20907
20915
20930
20932
20944
20949
20959
20963
20967
20968
20973
20974
20975
20976
20979
20983
20984
20987
20990
20991
20992
20994
20995
20996
21000
21001
21002
21010
21014
21016
21017
21030
21037
21041
21045
21060
21061
21066
21071
21072
21073
21080
21083
21107
21108
21113
21114
21115
21118
21120
21124
21126
21138
21141
21143
21150
21152
21168
21169
21173
21178
21179
21180
21181
21184
21203
21209
21210
21219
21230
21234
21237
21238
21239
21240
21242
21246
21247
21248
21249
21251
21252
21253
21256
21257
21258
21262
21275
21277
21283
21287
21289
21295
21305
21306
21311
21326
21327
21328
21329
21334
21336
21337
21338
21339
21344
21352
21354
21356
21366
21367
21368
21379
21380
21383
21395
21407
21408
21409
21410
21411
21413
21414
21422
21428
21435
21446
21447
21448
21451
21452
21453
21454
21461
21483
21484
21485
21493
21504
21506
21507
21508
21535
21536
21546
21557
21558
21564
21565
21577
21583
21595
21598
21599
21600
21606
21607
21613
21614
21620
21621
21623
21624
21625
21636
21637
21638
21653
21654
21658
21668
21674
21675
21676
21677
21683
21684
21685
21698
21717
21719
21720
21721
21724
21726
21727
21728
21729
21730
21735
21736
21744
21746
21748
21756
21757
21761
21766
21768
21790
21791
21799
21800
21804
21813
21815
21816
21817
21819
21825
21833
21842
21846
21848
21860
21861
21862
21866
21868
21871
21873
21874
21875
21877
21878
21880
21885
21886
21895
21904
21905
21906
21907
21908
21911
21912
21914
21919
21921
21922
21929
21930
21945
21948
21964
21970
21998
22021
22022
22023
22024
22025
22027
22029
22051
22063
22072
22077
22079
22080
22081
22082
22098
22100
22101
22102
22106
22111
22113
22116
22117
22118
22121
22126
22129
22131
22132
22134
22135
22147
22164
22168
22169
22178
22179
22183
22184
22191
22195
22196
22197
22198
22207
22208
22217
22225
22226
22232
22234
22235
22236
22240
22247
22248
22265
22266
22277
22278
22286
22288
22289
22290
22293
22295
22303
22304
22305
22306
22316
22317
22322
22323
22328
22329
22330
22333
22334
22337
22338
22355
22369
22370
22372
22374
22394
22399
22401
22403
22405
22406
22420
22422
22423
22433
22434
22435
22436
22445
22446
22447
22448
22451
22456
22457
22458
22460
22465
22466
22468
22469
22475
22476
22482
22483
22487
22490
22501
22505
22506
22507
22512
22515
22523
22529
22530
22532
22534
22535
22537
22546
22551
22552
22553
22577
22579
22580
22581
22582
22583
22586
22598
22600
22601
22610
22613
22620
22621
22622
22623
22628
22643
22644
22645
22650
22651
22652
22653
22655
22656
22682
22683
22685
22714
22715
22718
22723
22727
22729
22739
22740
22753
22754
22759
22760
22769
22770
22772
22773
22774
22780
22781
22782
22785
22789
22790
22797
22816
22818
22819
22822
22828
22848
22852
22853
22854
22870
22886
22887
22888
22895
22898
22901
22910
22913
22915
22922
22923
22924
22928
22929
22951
22952
22954
22956
22958
22960
22961
22962
22963
22968
22969
22970
22971
22981
22985
22986
22987
22993
23003
23004
23005
23012
23023
23025
23029
23030
23046
23049
23050
23051
23057
23058
23059
23060
23064
23071
23082
23086
23087
23088
23089
23091
23095
23100
23103
23106
23129
23142
23143
23148
23149
23150
23168
23170
23171
23172
23182
23183
23186
23189
23195
23197
23200
23202
23203
23205
23207
23209
23220
23224
23225
23226
23231
23232
23233
23235
23242
23243
23244
23245
23254
23255
23262
23263
23268
23269
23270
23275
23278
23279
23280
23281
23282
23283
23287
23289
23290
23291
23296
23300
23301
23302
23303
23304
23305
23326
23335
23336
23352
23357
23360
23361
23362
23372
23373
23374
23375
23377
23379
23389
23390
23394
23395
23396
23397
23399
23403
23404
23405
23407
23408
23411
23412
23414
23415
23416
23417
23418
23419
23421
23425
23426
23428
23431
23432
23439
23444
23445
23446
23456
23460
23461
23464
23467
23477
23478
23484
23490
23504
23505
23513
23514
23515
23525
23526
23532
23535
23536
23537
23539
23540
23541
23542
23557
23576
23581
23585
23595
23596
23597
23600
23605
23614
23616
23617
23618
23619
23620
23623
23633
23634
23655
23656
23663
23693
23694
23697
23704
23707
23708
23709
23717
23733
23736
23737
23738
23739
23741
23743
23744
23745
23752
23785
23786
23787
23796
23797
23798
23811
23826
23827
23828
23834
23847
23848
23862
23863
23866
23876
23879
23880
23881
23882
23897
23906
23919
23923
23930
23932
23933
23934
23935
23937
23938
23939
23941
23942
23943
23944
23945
23958
23962
23963
23965
23966
23991
23992
23993
23997
24002
24003
24004
24005
24008
24020
24021
24022
24023
24026
24027
24031
24044
24048
24057
24060
24061
24062
24067
24069
24076
24083
24087
24092
24094
24109
24110
24111
24118
24119
24133
24134
24135
24156
24162
24163
24164
24165
24166
24171
24172
24176
24177
24178
24190
24192
24193
24199
24200
24201
24203
24224
24233
24234
24252
24253
24254
24265
24266
24279
24282
24289
24290
24296
24314
24315
24324
24342
24355
24370
24373
24387
24388
24389
24390
24391
24392
24401
24402
24420
24426
24427
24428
24438
24439
24440
24441
24442
24451
24452
24453
24457
24458
24471
24474
24475
24482
24487
24490
24491
24492
24493
24495
24496
24497
24502
24503
24510
24511
24512
24513
24514
24516
24517
24518
24525
24527
24528
24529
24530
24539
24540
24542
24546
24548
24549
24550
24555
24556
24557
24558
24564
24566
24567
24568
24569
24571
24575
24576
24577
24580
24581
24587
24589
24590
24593
24594
24595
24599
24600
24610
24611
24612
24614
24615
24616
24621
24625
24626
24627
24636
24643
24648
24655
24658
24667
24668
24673
24674
24676
24677
24678
24687
24688
24695
24696
24703
24733
24736
24745
24752
24770
24774
24781
24784
24795
24800
24842
24843
24844
24852
24859
24864
24868
24870
24875
24876
24882
24891
24892
24896
24901
24902
24903
24904
24907
24908
24909
24912
24913
24917
24928
24929
24937
24940
24963
24964
24972
24979
24980
24998
24999
25006
25013
25014
25016
25025
25027
25028
25029
25030
25041
25042
25043
25047
25048
25053
25064
25066
25067
25075
25081
25084
25085
25086
25099
25121
25129
25132
25133
25139
25140
25141
25156
25158
25162
25165
25209
25211
25212
25217
25224
25234
25247
25252
25254
25257
25262
25263
25293
25294
25295
25296
25297
25299
25300
25303
25304
25305
25314
25318
25319
25321
25325
25326
25337
25338
25339
25341
25344
25362
25363
25369
25370
25371
25381
25382
25384
25385
25389
25394
25405
25418
25427
25428
25437
25453
25459
25463
25466
25467
25478
25482
25530
25550
25559
25560
25561
25569
25570
25571
25572
25580
25584
25585
25586
25595
25605
25620
25635
25636
25637
25642
25643
25645
25662
25676
25677
25678
25679
25689
25713
25714
25722
25724
25725
25726
25746
25747
25748
25762
25777
25778
25779
25780
25781
25782
25784
25795
25796
25814
25817
25820
25821
25828
25844
25848
25856
25857
25858
25862
25863
25871
25878
25902
25903
25904
25905
25906
25907
25908
25909
25910
25911
25912
25913
25927
25930
25936
25937
25938
25939
25940
25943
25944
25953
25957
25958
25959
25960
25977
25980
25981
25983
25989
25990
26000
26001
26002
26014
26015
26017
26019
26025
26034
26037
26038
26052
26054
26056
26057
26060
26061
26065
26066
26070
26071
26072
26082
26083
26085
26086
26102
26106
26108
26121
26129
26137
26138
26139
26140
26147
26148
26149
26150
26151
26152
26153
26154
26155
26156
26157
26158
26159
26167
26177
26178
26179
26184
26188
26191
26192
26193
26194
26195
26196
26197
26203
26219
26220
26221
26222
26235
26236
26239
26241
26245
26246
26247
26259
26260
26261
26262
26269
26270
26272
26274
26275
26276
26277
26288
26295
26307
26309
26311
26312
26313
26314
26315
26316
26320
26321
26322
26323
26326
26327
26328
26329
26330
26331
26333
26335
26336
26346
26347
26348
26353
26359
26360
26366
26367
26371
26372
26373
26374
26381
26383
26384
26385
26386
26387
26388
26393
26394
26395
26396
26397
26400
26401
26406
26409
26410
26411
26413
26414
26415
26416
26431
26432
26433
26436
26446
26448
26451
26461
26466
26467
26470
26471
26472
26473
26483
26490
26491
26495
26496
26497
26499
26501
26502
26523
26526
26529
26530
26531
26532
26535
26536
26541
26542
26547
26548
26553
26556
26558
26566
26567
26568
26571
26588
26592
26601
26605
26606
26616
26619
26620
26621
26624
26625
26630
26633
26636
26638
26639
26640
26641
26642
26643
26646
26647
26648
26649
26650
26651
26653
26654
26660
26661
26666
26667
26668
26669
26672
26678
26679
26681
26683
26688
26689
26690
26691
26692
26693
26695
26696
26697
26704
26705
26706
26707
26710
26715
26718
26719
26720
26721
26724
26725
26726
26727
26728
26729
26730
26755
26756
26762
26763
26764
26767
26772
26773
26775
26777
26787
26788
26794
26799
26800
26801
26806
26815
26816
26817
26818
26821
26822
26823
26833
26834
26836
26851
26852
26853
26859
26867
26885
26886
26889
26902
26905
26906
26907
26912
26913
26917
26918
26919
26920
26924
26929
26939
26941
26942
26943
26945
26946
26954
26972
26975
26980
26981
26982
26983
27002
27004
27009
27026
27027
27028
27032
27034
27035
27037
27038
27039
27040
27041
27043
27046
27047
27050
27053
27054
27059
27060
27061
27064
27065
27066
27071
27076
27078
27079
27080
27087
27093
27110
27112
27113
27114
27118
27122
27123
27124
27125
27128
27141
27148
27149
27154
27158
27162
27168
27178
27182
27183
27185
27192
27197
27199
27201
27204
27205
27208
27209
27211
27213
27219
27250
27252
27253
27254
27255
27266
27269
27270
27271
27275
27276
27277
27283
27284
27285
27288
27289
27291
27293
27294
27303
27314
27316
27317
27318
27320
27327
27335
27339
27340
27352
27357
27366
27367
27368
27369
27370
27371
27372
27373
27374
27377
27379
27384
27385
27386
27387
27388
27391
27392
27393
27397
27398
27399
27406
27408
27410
27411
27412
27415
27419
27423
27424
27425
27426
27435
27446
27447
27450
27451
27453
27455
27459
27462
27466
27467
27472
27473
27478
27479
27485
27486
27491
27492
27494
27495
27497
27498
27510
27511
27512
27517
27518
27522
27523
27524
27525
27526
27527
27530
27531
27532
27533
27537
27545
27546
27547
27551
27554
27558
27569
27572
27573
27574
27577
27579
27580
27581
27582
27593
27594
27596
27600
27603
27604
27607
27609
27611
27616
27619
27621
27622
27636
27637
27639
27651
27654
27655
27656
27662
27663
27664
27668
27671
27672
27690
27701
27703
27705
27713
27714
27715
27721
27725
27726
27729
27730
27733
27736
27738
27739
27743
27744
27745
27767
27776
27777
27778
27780
27791
27794
27798
27800
27801
27802
27803
27804
27805
27810
27812
27817
27824
27833
27845
27848
27849
27850
27855
27856
27857
27866
27867
27877
27881
27882
27883
27884
27900
27901
27902
27903
27904
27905
27915
27917
27919
27934
27936
27958
27968
27971
27973
27976
27977
27978
27979
27980
27993
27997
28003
28012
28014
28015
28024
28025
28035
28036
28037
28042
28049
28050
28051
28055
28062
28065
28074
28111
28112
28113
28114
28115
28116
28117
28124
28130
28135
28137
28148
28149
28152
28153
28154
28155
28156
28170
28177
28183
28187
28188
28189
28194
28195
28202
28207
28214
28216
28224
28254
28259
28269
28270
28271
28280
28283
28286
28287
28296
28306
28322
28327
28328
28329
28335
28336
28337
28344
28356
28357
28364
28368
28376
28381
28382
28383
28384
28385
28386
28390
28400
28401
28402
28405
28406
28407
28414
28415
28422
28425
28441
28442
28443
28444
28448
28472
28473
28474
28493
28504
28512
28514
28515
28516
28518
28520
28521
28525
28526
28529
28551
28554
28555
28556
28557
28558
28570
28571
28572
28578
28582
28584
28594
28598
28611
28615
28622
28623
28650
28652
28654
28668
28672
28673
28674
28675
28684
28688
28694
28696
28698
28699
28700
28704
28705
28707
28708
28709
28712
28713
28737
28748
28749
28751
28755
28757
28759
28772
28783
28786
28787
28789
28792
28801
28802
28804
28805
28815
28819
28823
28828
28832
28837
28844
28854
28874
28881
28882
28885
28886
28887
28894
28895
28896
28897
28898
28906
28914
28920
28931
28932
28933
28937
28942
28945
28946
28948
28954
28966
28967
28969
28978
28998
28999
29000
29005
29006
29012
29031
29033
29034
29035
29036
29037
29038
29042
29045
29050
29052
29071
29073
29074
29075
29093
29094
29101
29104
29106
29112
29117
29119
29120
29121
29130
29135
29136
29137
29158
29179
29180
29181
29215
29229
29238
29240
29246
29247
29257
29258
29261
29270
29272
29273
29274
29275
29285
29287
29288
29289
29292
29293
29294
29303
29309
29313
29325
29326
29327
29345
29346
29347
29356
29360
29367
29368
29374
29375
29382
29404
29406
29407
29408
29410
29416
29419
29426
29427
29430
29433
29444
29447
29449
29451
29452
29454
29455
29456
29457
29463
29464
29466
29467
29468
29469
29470
29472
29487
29495
29502
29505
29509
29517
29519
29520
29524
29525
29529
29530
29531
29539
29558
29563
29566
29584
29588
29593
29594
29595
29596
29601
29602
29606
29607
29609
29612
29613
29619
29620
29621
29622
29623
29632
29633
29636
29639
29642
29652
29678
29685
29686
29694
29696
29704
29718
29723
29724
29731
29740
29746
29747
29756
29763
29768
29775
29779
29789
29791
29796
29801
29802
29804
29807
29808
29809
29811
29815
29816
29817
29828
29830
29831
29832
29833
29837
29842
29843
29847
29848
29853
29855
29859
29864
29866
29883
29884
29885
29896
29900
29906
29908
29909
29912
29922
29923
29924
29928
29930
29931
29933
29934
29936
29937
29938
29949
29950
29951
29954
29955
29956
29959
29973
29982
29989
29994
29995
29996
29997
29998
29999
30008
30009
30010
30011
30018
30039
30040
30043
30046
30051
30071
30078
30090
30093
30095
30100
30115
30145
30149
30151
30153
30158
30160
30179
30180
30203
30212
30213
30214
30215
30218
30219
30231
30232
30239
30254
30255
30261
30262
30267
30273
30275
30279
30280
30281
30282
30283
30284
30290
30294
30301
30307
30318
30321
30328
30329
30347
30348
30349
30350
30359
30385
30386
30391
30406
30407
30408
30410
30412
30416
30418
30421
30422
30443
30446
30464
30471
30479
30480
30481
30482
30485
30506
30512
30513
30514
30515
30516
30517
30519
30520
30521
30523
30524
30528
30552
30556
30561
30565
30570
30578
30579
30580
30584
30585
30586
30587
30588
30589
30590
30591
30592
30593
30612
30632
30633
30634
30639
30641
30642
30655
30656
30657
30663
30664
30669
30678
30679
30680
30692
30696
30697
30698
30725
30726
30733
30739
30742
30753
30757
30758
30764
30773
30785
30786
30787
30788
30798
30799
30802
30809
30810
30811
30814
30824
30843
30844
30849
30850
30855
30857
30867
30868
30869
30870
30871
30882
30884
30889
30904
30905
30906
30907
30941
30943
30944
30948
30950
30951
30952
30964
30965
30968
30970
30971
30972
30996
30999
31000
31001
31003
31011
31013
31014
31016
31038
31047
31048
31049
31050
31060
31063
31078
31079
31080
31083
31090
31097
31115
31122
31124
31128
31129
31131
31136
31137
31138
31146
31149
31150
31151
31157
31162
31163
31168
31177
31178
31179
31197
31199
31200
31208
31209
31210
31211
31217
31228
31238
31239
31240
31241
31242
31245
31246
31247
31248
31258
31259
31261
31267
31268
31275
31277
31278
31279
31286
31288
31295
31304
31312
31313
31320
31321
31325
31332
31333
31334
31335
31336
31340
31341
31347
31348
31354
31355
31359
31363
31373
31377
31378
31379
31381
31390
31400
31401
31412
31413
31414
31421
31426
31428
31429
31437
31438
31439
31442
31443
31444
31446
31455
31457
31471
31472
31473
31474
31477
31485
31497
31504
31505
31506
31514
31517
31518
31519
31521
31522
31525
31532
31535
31536
31538
31540
31542
31549
31550
31553
31559
31562
31566
31568
31570
31572
31577
31578
31581
31585
31587
31588
31592
31593
31595
31601
31607
31609
31610
31611
31612
31613
31616
31617
31618
31619
31620
31621
31629
31642
31649
31651
31658
31659
31660
31663
31667
31676
31680
31687
31690
31691
31692
31699
31700
31716
31718
31720
31721
31722
31730
31751
31754
31755
31761
31773
31779
31780
31781
31782
31783
31786
31791
31792
31797
31798
31799
31800
31801
31802
31819
31828
31832
31838
31855
31873
31876
31885
31886
31894
31895
31899
31901
31906
31911
31932
31939
31942
31951
31952
31974
31975
31976
31978
31979
31980
31981
31983
31992
31994
31995
31996
31999
32000
32001
32006
32007
32009
32014
32021
32022
32031
32034
32043
32048
32061
32064
32065
32081
32082
32106
32107
32129
32130
32131
32138
32146
32151
32157
32162
32168
32171
32173
32175
32176
32177
32178
32179
32180
32183
32187
32196
32210
32211
32212
32215
32216
32230
32233
32252
32259
32260
32261
32269
32308
32329
32330
32331
32335
32336
32337
32345
32346
32347
32348
32362
32363
32365
32392
32393
32394
32395
32398
32402
32416
32417
32422
32429
32438
32439
32440
32456
32462
32470
32471
32494
32495
32505
32506
32508
32511
32516
32528
32532
32533
32535
32544
32545
32546
32548
32549
32550
32566
32570
32571
32577
32578
32579
32580
32581
32586
32596
32597
32598
32608
32609
32610
32611
32619
32626
32632
32633
32634
32650
32651
32659
32660
32662
32673
32691
32692
32700
32707
32716
32718
32721
32734
32738
32746
32747
32748
32749
32753
32754
32756
32757
32758
32763
32764
32765
32766
32780
32781
32783
32784
32801
32811
32816
32820
32828
32836
32840
32854
32856
32860
32866
32867
32882
32883
32884
32885
32888
32900
32905
32908
32909
32919
32920
32921
32927
32928
32932
32933
32935
32938
32945
32948
32950
32951
32955
32956
32957
32971
32975
32977
32984
32993
32994
32996
32997
33002
33003
33004
33020
33021
33027
33028
33029
33030
33039
33042
33046
33049
33052
33056
33061
33074
33087
33088
33106
33110
33115
33124
33135
33136
33137
33142
33156
33158
33162
33165
33170
33175
33176
33180
33184
33185
33186
33189
33190
33191
33192
33193
33208
33214
33227
33237
33238
33251
33257
33262
33274
33280
33302
33303
33307
33308
33309
33320
33321
33322
33323
33337
33338
33343
33344
33347
33353
33361
33362
33363
33372
33386
33398
33401
33403
33404
33405
33413
33416
33417
33418
33427
33433
33435
33447
33452
33453
33456
33457
33464
33465
33467
33468
33469
33470
33472
33474
33476
33486
33487
33488
33502
33503
33504
33510
33517
33523
33532
33535
33538
33539
33553
33554
33555
33556
33565
33566
33567
33570
33573
33576
33577
33578
33579
33580
33584
33587
33606
33610
33616
33617
33620
33625
33627
33636
33642
33648
33651
33653
33655
33658
33664
33668
33669
33670
33671
33672
33673
33676
33694
33695
33698
33708
33709
33710
33711
33712
33716
33729
33736
33740
33741
33743
33751
33753
33754
33755
33760
33761
33762
33763
33766
33769
33770
33782
33783
33784
33813
33824
33825
33826
33831
33832
33834
33835
33842
33850
33851
33855
33856
33857
33858
33860
33868
33873
33895
33901
33906
33916
33920
33923
33924
33925
33926
33927
33929
33930
33932
33938
33939
33941
33942
33943
33944
33945
33946
33947
33953
33954
33958
33959
33963
33967
33978
33979
33980
33981
33982
33983
33988
33989
33990
33991
33993
33994
34005
34006
34007
34009
34010
34012
34013
34017
34018
34022
34026
34027
34028
34036
34039
34041
34042
34043
34044
34045
34046
34048
34052
34053
34056
34061
34071
34072
34083
34085
34094
34099
34111
34112
34113
34114
34121
34122
34123
34124
34126
34127
34128
34129
34132
34133
34134
34135
34136
34143
34153
34154
34160
34162
34165
34171
34173
34177
34179
34181
34182
34183
34184
34190
34206
34207
34208
34209
34210
34211
34212
34215
34239
34240
34241
34249
34250
34252
34253
34262
34274
34279
34280
34281
34307
34308
34310
34311
34317
34327
34328
34329
34346
34347
34348
34349
34350
34352
34356
34361
34362
34363
34365
34367
34375
34377
34378
34379
34383
34399
34403
34410
34423
34442
34443
34446
34468
34485
34486
34487
34499
34506
34507
34508
34522
34524
34527
34529
34535
34549
34555
34559
34562
34567
34591
34593
34594
34604
34606
34611
34612
34613
34615
34621
34622
34624
34627
34628
34629
34645
34646
34648
34649
34650
34651
34652
34656
34657
34658
34663
34664
34665
34677
34678
34680
34684
34685
34686
34688
34690
34702
34715
34716
34717
34722
34723
34725
34734
34735
34736
34753
34755
34770
34771
34773
34774
34775
34776
34781
34782
34783
34785
34789
34790
34801
34802
34803
34807
34808
34811
34817
34819
34829
34830
34831
34832
34834
34843
34844
34855
34858
34859
34861
34865
34870
34872
34873
34874
34875
34881
34882
34883
34898
34899
34900
34901
34905
34906
34907
34908
34909
34915
34917
34918
34919
34920
34921
34922
34930
34931
34932
34940
34941
34945
34948
34949
34950
34967
34976
34984
34985
34997
34998
35004
35005
35006
35010
35018
35019
35023
35034
35036
35040
35041
35051
35053
35057
35063
35064
35075
35076
35083
35087
35088
35090
35097
35098
35099
35101
35107
35108
35124
35127
35130
35131
35134
35135
35139
35141
35145
35146
35155
35156
35161
35163
35168
35169
35178
35179
35188
35189
35197
35198
35199
35206
35210
35214
35216
35217
35218
35221
35223
35224
35233
35234
35242
35243
35257
35260
35262
35266
35270
35272
35274
35277
35283
35284
35285
35286
35287
35288
35289
35292
35295
35296
35297
35300
35312
35328
35370
35371
35373
35379
35380
35381
35382
35387
35388
35389
35395
35398
35401
35408
35409
35410
35413
35419
35428
35431
35433
35443
35446
35449
35463
35464
35474
35479
35488
35539
35540
35547
35548
35554
35555
35556
35559
35560
35574
35600
35601
35602
35611
35612
35614
35618
35624
35647
35648
35649
35650
35652
35653
35657
35658
35659
35668
35671
35673
35674
35675
35676
35687
35710
35716
35722
35723
35724
35725
35731
35747
35748
35759
35760
35763
35764
35776
35778
35781
35791
35792
35794
35796
35800
35802
35804
35807
35808
35809
35817
35818
35819
35820
35821
35828
35829
35830
35831
35832
35837
35838
35841
35842
35843
35848
35856
35864
35866
35874
35878
35887
35893
35894
35895
35896
35897
35900
35906
35907
35909
35910
35911
35912
35915
35916
35917
35919
35921
35933
35941
35944
35948
35949
35957
35972
35977
35979
35980
35986
35988
35994
35995
36003
36013
36017
36018
36019
36020
36031
36042
36045
36046
36048
36065
36067
36106
36121
36129
36134
36135
36142
36153
36155
36158
36160
36161
36171
36187
36188
36194
36199
36206
36207
36211
36218
36223
36230
36231
36238
36242
36245
36247
36251
36252
36271
36272
36280
36281
36282
36284
36285
36290
36299
36311
36332
36333
36335
36348
36349
36353
36354
36357
36358
36359
36360
36361
36362
36367
36368
36374
36376
36396
36400
36401
36402
36405
36409
36410
36434
36436
36461
36465
36485
36492
36496
36513
36520
36522
36523
36524
36527
36535
36536
36547
36550
36552
36554
36555
36558
36562
36570
36574
36577
36581
36582
36583
36584
36585
36586
36587
36588
36601
36602
36606
36614
36616
36636
36637
36641
36646
36652
36653
36654
36655
36656
36657
36658
36666
36670
36673
36681
36683
36705
36716
36732
36736
36737
36749
36751
36773
36775
36781
36785
36788
36793
36796
36797
36798
36800
36808
36814
36826
36831
36841
36852
36853
36855
36857
36859
36865
36875
36887
36888
36889
36894
36895
36902
36903
36904
36906
36910
36914
36924
36925
36926
36936
36939
36942
36944
36945
36947
36948
36949
36950
36951
36952
36953
36955
36965
36966
36981
36982
36993
36994
36995
37006
37009
37011
37012
37013
37014
37029
37053
37054
37055
37056
37057
37060
37062
37069
37072
37074
37081
37083
37086
37088
37094
37096
37097
37103
37108
37116
37146
37159
37164
37165
37166
37175
37176
37177
37179
37181
37185
37189
37190
37195
37204
37213
37214
37234
37235
37241
37244
37249
37275
37280
37293
37295
37318
37320
37322
37340
37342
37343
37344
37379
37380
37381
37382
37398
37399
37402
37418
37421
37422
37426
37428
37432
37433
37446
37447
37448
37450
37460
37462
37483
37487
37521
37533
37571
37572
37593
37594
37595
37608
37610
37612
37628
37631
37632
37634
37636
37642
37645
37646
37653
37658
37659
37667
37668
37670
37673
37680
37694
37700
37709
37712
37713
37726
37727
37729
37735
37736
37737
37744
37746
37748
37750
37755
37759
37760
37791
37795
37806
37810
37817
37823
37824
37835
37836
37837
37842
37849
37850
37858
37859
37875
37876
37877
37889
37894
37902
37903
37907
37917
37920
37925
37929
37934
37958
37959
37963
37965
37966
37967
37968
37969
37970
37971
37972
37988
37989
37994
37995
37996
37997
38000
38007
38021
38036
38037
38039
38040
38041
38048
38050
38053
38055
38056
38058
38061
38062
38063
38065
38068
38069
38079
38084
38085
38089
38095
38103
38113
38115
38116
38117
38121
38134
38135
38138
38143
38146
38149
38165
38166
38179
38192
38195
38196
38206
38209
38231
38234
38235
38236
38237
38245
38246
38248
38250
38266
38269
38270
38273
38274
38284
38289
38290
38291
38296
38302
38303
38308
38309
38310
38311
38312
38313
38315
38317
38321
38327
38329
38332
38334
38347
38352
38353
38354
38355
38359
38361
38362
38363
38372
38377
38390
38397
38405
38409
38414
38436
38437
38438
38439
38440
38441
38445
38446
38448
38460
38464
38467
38469
38471
38472
38482
38497
38498
38500
38509
38528
38530
38531
38532
38534
38548
38557
38566
38581
38582
38583
38584
38587
38593
38594
38601
38603
38604
38605
38606
38607
38622
38636
38637
38639
38641
38642
38643
38663
38664
38682
38686
38687
38688
38695
38696
38701
38716
38718
38720
38725
38726
38741
38757
38758
38759
38768
38780
38781
38800
38812
38820
38828
38838
38839
38844
38845
38856
38864
38865
38870
38872
38891
38892
38893
38894
38895
38896
38903
38911
38912
38913
38914
38918
38920
38921
38922
38948
38956
38971
38977
38990
39007
39008
39018
39028
39029
39031
39041
39047
39053
39059
39060
39069
39070
39071
39076
39077
39082
39112
39116
39119
39131
39133
39134
39136
39137
39141
39146
39147
39150
39151
39152
39153
39172
39174
39175
39185
39186
39192
39193
39194
39201
39202
39203
39204
39209
39215
39224
39235
39267
39273
39296
39297
39298
39302
39304
39306
39308
39309
39310
39311
39317
39328
39329
39330
39331
39332
39346
39347
39348
39352
39355
39369
39371
39373
39374
39375
39377
39378
39386
39387
39388
39389
39390
39391
39397
39400
39401
39402
39405
39413
39415
39426
39427
39428
39429
39449
39450
39453
39454
39455
39464
39469
39470
39471
39472
39481
39482
39483
39484
39495
39498
39508
39509
39512
39513
39514
39522
39523
39524
39528
39532
39535
39542
39543
39569
39574
39579
39590
39592
39594
39598
39604
39608
39609
39633
39634
39641
39642
39643
39650
39651
39652
39653
39654
39655
39656
39657
39661
39662
39668
39669
39673
39679
39693
39703
39707
39713
39715
39716
39718
39726
39730
39731
39732
39736
39737
39738
39748
39752
39753
39765
39766
39774
39777
39781
39791
39801
39802
39803
39804
39811
39817
39818
39824
39825
39826
39854
39857
39860
39861
39872
39873
39876
39877
39880
39881
39888
39894
39895
39936
39955
39959
39963
39981
39982
39990
39991
39992
39994
40001
40013
40014
40015
40017
40022
40030
40034
40056
40059
40060
40082
40088
40100
40101
40102
40112
40113
40129
40132
40133
40145
40153
40162
40166
40167
40183
40184
40185
40186
40199
40202
40203
40206
40207
40212
40222
40223
40234
40235
40238
40239
40248
40287
40289
40290
40296
40303
40304
40305
40306
40316
40339
40355
40356
40365
40369
40375
40378
40379
40380
40381
40392
40393
40394
40396
40401
40409
40410
40411
40412
40413
40414
40415
40416
40421
40422
40424
40427
40428
40429
40433
40443
40445
40446
40447
40448
40460
40475
40476
40490
40491
40496
40505
40508
40509
40510
40512
40519
40520
40524
40525
40526
40531
40542
40554
40555
40597
40604
40605
40606
40607
40608
40618
40627
40631
40637
40639
40644
40645
40662
40674
40675
40676
40702
40708
40709
40719
40720
40721
40757
40781
40782
40783
40795
40802
40808
40809
40825
40833
40859
40860
40867
40868
40870
40871
40873
40882
40894
40895
40922
40923
40924
40925
40944
40987
41008
41024
41058
41059
41066
41068
41070
41074
41081
41082
41088
41089
41098
41099
41100
41101
41116
41123
41127
41129
41138
41139
41140
41157
41158
41159
41181
41197
41200
41202
41215
41216
41221
41223
41226
41227
41243
41249
41255
41258
41279
41293
41303
41306
41307
41311
41312
41313
41323
41325
41335
41339
41341
41342
41343
41348
41397
41406
41407
41411
41418
41419
41436
41442
41443
41447
41453
41458
41466
41468
41470
41471
41472
41475
41480
41481
41501
41512
41517
41539
41540
41541
41542
41558
41559
41560
41567
41587
41588
41596
41598
41599
41600
41613
41621
41622
41623
41626
41633
41644
41647
41658
41694
41695
41713
41721
41722
41725
41727
41733
41742
41757
41758
41765
41784
41804
41819
41840
41865
41868
41880
41886
41891
41911
41951
41954
41990
41991
41992
41994
42004
42005
42010
42011
42012
42019
42035
42036
42037
42038
42039
42055
42056
42065
42066
42069
42089
42090
42092
42098
42099
42100
42113
42124
42148
42152
42165
42166
42167
42168
42192
42193
42196
42197
42202
42217
42220
42222
42223
42224
42235
42237
42250
42259
42273
42274
42275
42276
42280
42281
42282
42289
42307
42308
42310
42316
42317
42318
42333
42357
42361
42362
42376
42398
42399
42414
42420
42421
42422
42427
42431
42432
42433
42434
42435
42443
42448
42485
42502
42503
42505
42506
42518
42568
42592
42606
42620
42667
42668
42669
42675
42680
42691
42705
42708
42709
42710
42711
42716
42717
42718
42731
42741
42743
42744
42746
42758
42763
42767
42776
42789
42792
42793
42794
42795
42796
42797
42809
42822
42823
42831
42835
42836
42839
42843
42844
42848
42853
42870
42880
42896
42906
42915
42916
42917
42925
42990
42991
42993
42997
42998
43000
43001
43009
43015
43020
43029
43030
43055
43056
43076
43077
43105
43117
43157
43167
43168
43169
43182
43203
43228
43266
43267
43268
43271
43285
43319
43320
43349
43357
43358
43360
43361
43362
43365
43375
43388
43396
43426
43457
43459
43460
43461
43464
43465
43479
43508
43520
43521
43526
43527
43543
43549
43550
43559
43582
43600
43680
43681
43682
43683
43684
43685
43708
43709
43722
43723
43724
43731
43735
43741
43760
43765
43769
43771
43772
43778
43779
43814
43815
43854
43877
43878
43898
43903
43914
43918
43919
43933
43934
43935
43939
43940
43977
43978
43979
44000
44008
44024
44081
44083
44084
44102
44104
44120
44121
44122
44135
44147
44156
44168
44169
44175
44229
44234
44235
44271
44325
44347
44348
44366
44367
44368
44392
44393
44399
44400
44401
44402
44409
44410
44465
44466
44467
44468
44479
44504
44514
44515
44516
44535
44554
44659
45274
45477
47421
81454
554239
554242